4 0.162987 0.558595 0.062195 0.114821
3 0.586993 0.458125 0.056213 0.121204
2 0.802883 0.460518 0.062195 0.119606
2 0.580414 0.281108 0.040665 0.105251
2 0.423730 0.926186 0.071766 0.119606
1 0.465593 0.837677 0.055020 0.095685
1 0.407583 0.755547 0.051431 0.097278
1 0.364525 0.699730 0.056213 0.094091
1 0.738894 0.515536 0.056215 0.092493
4 0.131293 0.495600 0.061000 0.119606
1 0.333428 0.503576 0.058606 0.094091
1 0.210831 0.371212 0.055020 0.094091
5 0.449446 0.309813 0.061000 0.162662
5 0.270634 0.541053 0.074154 0.159474
1 0.677893 0.462111 0.053822 0.090903
1 0.630649 0.417459 0.052626 0.090903
1 0.414162 0.206154 0.045451 0.092493
1 0.496690 0.283500 0.052626 0.094091
0 0.448833 0.553158 0.893251 0.891171
