2 0.261028 0.766678 0.055275 0.079481
2 0.264821 0.363499 0.047688 0.073697
1 0.638196 0.716100 0.046605 0.073700
1 0.574250 0.648904 0.035766 0.063581
1 0.611642 0.588211 0.041186 0.060694
1 0.317386 0.310754 0.033596 0.057804
4 0.260486 0.601215 0.045521 0.086703
4 0.631151 0.380117 0.043353 0.078032
4 0.375370 0.303528 0.034683 0.078036
3 0.554199 0.577373 0.049856 0.073700
6 0.537402 0.392404 0.042264 0.099716
5 0.266447 0.463209 0.048772 0.114163
5 0.599178 0.494279 0.048772 0.101157
6 0.509221 0.648181 0.048770 0.099709
2 0.607307 0.295580 0.041186 0.070810
2 0.699431 0.715377 0.058524 0.078036
1 0.561244 0.518848 0.035766 0.057808
1 0.576417 0.396014 0.037934 0.052021
1 0.573166 0.341824 0.031431 0.056359
1 0.563953 0.301361 0.036850 0.059249
1 0.485377 0.472603 0.046602 0.066475
1 0.440399 0.597604 0.039018 0.067920
1 0.328223 0.763788 0.042269 0.067920
1 0.322805 0.682140 0.037932 0.063585
1 0.322805 0.532574 0.046602 0.067920
1 0.377537 0.473325 0.036850 0.067920
1 0.320095 0.429972 0.039015 0.062140
0 0.468118 0.559448 0.632366 0.645152
