5 0.326598 0.365666 0.062860 0.115605
1 0.651744 0.492111 0.041186 0.076591
1 0.619771 0.406852 0.035766 0.067917
1 0.380247 0.629395 0.046605 0.079478
1 0.414929 0.274626 0.042269 0.066475
1 0.574250 0.385898 0.027096 0.069362
1 0.611100 0.601215 0.044437 0.072252
1 0.547154 0.738499 0.044437 0.072255
1 0.494590 0.538355 0.045518 0.076591
1 0.424684 0.438643 0.044437 0.070810
1 0.396504 0.485608 0.042269 0.072255
1 0.275660 0.574482 0.047688 0.070810
1 0.223636 0.468990 0.047688 0.076591
2 0.692928 0.378672 0.036848 0.089593
3 0.518976 0.814367 0.059608 0.096822
4 0.588881 0.332431 0.036850 0.089597
4 0.482125 0.684307 0.053105 0.093932
5 0.340688 0.677806 0.073698 0.121386
0 0.418180 0.594726 0.722917 0.764451
