1 0.396504 0.490666 0.037934 0.062140
1 0.471288 0.752227 0.044437 0.067920
1 0.353693 0.610608 0.041186 0.062136
1 0.284330 0.535465 0.041186 0.059249
4 0.345564 0.711042 0.050940 0.083816
5 0.274034 0.606996 0.063946 0.098264
5 0.349900 0.439365 0.053108 0.104048
4 0.589965 0.405407 0.034683 0.073697
3 0.518974 0.605551 0.048772 0.075142
2 0.669084 0.478383 0.047686 0.075146
2 0.429561 0.271736 0.039018 0.066475
2 0.178659 0.495724 0.055280 0.086706
2 0.436064 0.802806 0.049856 0.082371
1 0.427935 0.329540 0.031431 0.060694
1 0.404633 0.308586 0.030347 0.056359
1 0.552573 0.651794 0.035766 0.060691
1 0.463702 0.558586 0.040102 0.065030
1 0.602971 0.482718 0.034683 0.063585
1 0.610558 0.567257 0.039018 0.062140
1 0.229055 0.456706 0.039018 0.063585
1 0.564495 0.446591 0.035766 0.057804
1 0.429561 0.457429 0.034683 0.059249
0 0.430010 0.593485 0.654415 0.726786
