1 0.724358 0.410465 0.052024 0.089593
5 0.302212 0.410465 0.076949 0.153178
5 0.581295 0.190812 0.056359 0.144507
4 0.175406 0.380840 0.063946 0.111270
4 0.207378 0.432864 0.069365 0.111270
3 0.437148 0.485608 0.056359 0.118499
3 0.727609 0.310754 0.054191 0.109828
6 0.488628 0.350493 0.061776 0.145952
2 0.434438 0.745724 0.061778 0.121389
2 0.785594 0.358441 0.061778 0.115605
2 0.476164 0.123614 0.047686 0.099709
1 0.202501 0.304251 0.048772 0.082371
1 0.262654 0.276794 0.049856 0.082371
1 0.386750 0.554974 0.048772 0.080926
1 0.420890 0.602660 0.049856 0.086703
1 0.473455 0.676361 0.042267 0.089593
1 0.443109 0.156852 0.040102 0.082368
1 0.475624 0.245002 0.029263 0.070810
1 0.514098 0.211764 0.047686 0.076591
1 0.621938 0.323037 0.046605 0.091042
1 0.674503 0.356996 0.045518 0.089593
0 0.463442 0.511194 0.809871 0.851488
