1 0.536316 0.563644 0.040102 0.069365
1 0.501634 0.520291 0.031429 0.057804
1 0.610558 0.332431 0.039018 0.069365
1 0.536858 0.328818 0.032515 0.053469
1 0.500551 0.360608 0.029261 0.059246
6 0.434438 0.347603 0.037934 0.093929
5 0.378621 0.654684 0.058527 0.098264
5 0.698889 0.655407 0.057440 0.099709
4 0.717313 0.523181 0.044437 0.072255
4 0.470205 0.320870 0.037934 0.078036
3 0.796974 0.520291 0.049856 0.083816
2 0.539567 0.258008 0.031431 0.076591
1 0.754705 0.485608 0.034683 0.063585
1 0.672877 0.395291 0.033596 0.050575
1 0.605139 0.484163 0.041186 0.069365
1 0.644699 0.612054 0.037934 0.065026
1 0.573166 0.715377 0.048772 0.066475
1 0.452863 0.770291 0.050940 0.069365
0 0.512773 0.574157 0.744940 0.845271
