3 0.587256 0.302083 0.046605 0.092487
4 0.379705 0.202371 0.049856 0.095377
4 0.698889 0.489221 0.053105 0.096822
5 0.615435 0.604105 0.061778 0.115605
5 0.317386 0.513788 0.066111 0.122834
1 0.721648 0.366389 0.042269 0.076587
1 0.598098 0.506563 0.040094 0.067920
1 0.522768 0.635898 0.045521 0.080923
1 0.624649 0.276794 0.036848 0.073700
1 0.548780 0.372892 0.041186 0.072252
1 0.465327 0.469712 0.047688 0.080926
1 0.422516 0.420580 0.044437 0.075142
1 0.546612 0.208151 0.028180 0.075146
1 0.460992 0.208874 0.034683 0.067920
1 0.421974 0.243557 0.030347 0.067920
1 0.197624 0.471880 0.047688 0.070810
1 0.377537 0.701648 0.049856 0.082371
2 0.764459 0.380117 0.052024 0.104044
2 0.465327 0.130840 0.049856 0.085258
2 0.142892 0.434307 0.063943 0.088151
0 0.461223 0.531708 0.793130 0.927239
