1 0.489712 0.687920 0.037932 0.072255
1 0.309257 0.312199 0.034680 0.060694
1 0.401381 0.432140 0.036850 0.066475
1 0.421974 0.580985 0.034683 0.066475
1 0.449070 0.624337 0.039018 0.069362
1 0.470205 0.203094 0.033599 0.067920
3 0.596468 0.411910 0.039018 0.080923
5 0.489174 0.284020 0.045511 0.117054
5 0.353151 0.455261 0.057443 0.121389
4 0.269699 0.459597 0.053108 0.086706
4 0.241519 0.409020 0.044437 0.083813
2 0.329850 0.573760 0.054189 0.089597
2 0.595926 0.269568 0.035766 0.085261
2 0.446902 0.406129 0.047688 0.080923
1 0.530355 0.263788 0.032515 0.070810
1 0.629525 0.381563 0.037934 0.069362
1 0.667458 0.420579 0.040099 0.066475
1 0.707558 0.471157 0.040102 0.066475
0 0.485057 0.508990 0.703447 0.768595
