1 0.340145 0.745002 0.044437 0.059249
0 0.538483 0.588932 0.757587 0.787573
1 0.262112 0.349770 0.053108 0.069362
1 0.329849 0.342546 0.043353 0.072255
1 0.395962 0.338934 0.054191 0.067920
1 0.577501 0.317979 0.042269 0.069365
1 0.632777 0.321592 0.044437 0.073700
1 0.695637 0.312199 0.040099 0.066475
1 0.468037 0.478383 0.042269 0.066475
1 0.527103 0.468990 0.047688 0.070810
1 0.265906 0.759449 0.047686 0.073694
1 0.417097 0.745002 0.048772 0.056359
1 0.477248 0.714654 0.045518 0.073700
1 0.554741 0.716100 0.040102 0.070810
1 0.606223 0.625782 0.047688 0.072252
1 0.702682 0.700203 0.043351 0.070810
1 0.759582 0.705984 0.046605 0.065030
2 0.266447 0.268846 0.053108 0.086706
2 0.684257 0.243557 0.047686 0.079481
2 0.252899 0.855551 0.067197 0.095374
2 0.793181 0.779684 0.074784 0.079481
3 0.394878 0.406852 0.054191 0.070807
3 0.590507 0.390233 0.057443 0.066472
3 0.718938 0.798471 0.065030 0.088151
3 0.340145 0.479828 0.048772 0.095377
4 0.597010 0.458151 0.044437 0.078036
4 0.567205 0.250060 0.039018 0.080926
4 0.419265 0.837488 0.057443 0.073700
4 0.645782 0.810754 0.055275 0.078036
5 0.449070 0.251505 0.049856 0.118499
5 0.495673 0.823037 0.065027 0.091042
6 0.510847 0.250782 0.043351 0.114163
6 0.689676 0.617111 0.071530 0.095374
