6 0.326057 0.338209 0.074782 0.104044
1 0.620854 0.172746 0.050940 0.067920
1 0.615977 0.231273 0.056359 0.066475
1 0.612184 0.297025 0.046605 0.076591
1 0.609474 0.620002 0.058527 0.080923
1 0.604055 0.703094 0.060694 0.076591
1 0.417639 0.454539 0.060694 0.076591
1 0.410594 0.544858 0.057443 0.075146
1 0.254525 0.735608 0.063946 0.075146
1 0.284329 0.634453 0.065027 0.069362
1 0.341229 0.299916 0.050940 0.062140
1 0.354235 0.234886 0.050940 0.067920
2 0.304380 0.239221 0.053105 0.076591
6 0.424142 0.310754 0.080203 0.115608
5 0.675045 0.414800 0.074782 0.130056
5 0.235558 0.488499 0.095377 0.109828
3 0.533606 0.515956 0.069365 0.112718
4 0.688051 0.277517 0.061776 0.104048
3 0.687509 0.705984 0.069363 0.119944
2 0.686967 0.148904 0.057440 0.101154
2 0.191121 0.728383 0.073700 0.089597
0 0.453150 0.460284 0.667163 0.794775
