1 0.233932 0.315089 0.057443 0.066475
1 0.565579 0.293413 0.035766 0.060694
1 0.517891 0.289077 0.031431 0.057804
1 0.462618 0.296303 0.037934 0.057804
1 0.422516 0.430694 0.057443 0.072255
1 0.349900 0.307141 0.050940 0.062140
1 0.293542 0.307864 0.046602 0.066475
0 0.474539 0.522459 0.653542 0.729772
6 0.526561 0.703094 0.048772 0.085261
6 0.459366 0.222603 0.048772 0.101157
5 0.459908 0.711764 0.060694 0.085261
5 0.402465 0.225493 0.045521 0.109828
4 0.585630 0.701648 0.054191 0.073700
4 0.391085 0.733441 0.042269 0.073700
4 0.505970 0.228383 0.031429 0.075146
4 0.347732 0.229828 0.042269 0.083816
3 0.645782 0.688643 0.048772 0.070810
3 0.322805 0.747169 0.050938 0.078036
3 0.554741 0.231273 0.046605 0.066475
3 0.293542 0.241389 0.050938 0.078036
2 0.702682 0.670579 0.062860 0.063585
2 0.239893 0.763065 0.060694 0.080926
2 0.608932 0.229828 0.044437 0.069365
2 0.230681 0.239221 0.053108 0.088151
1 0.683715 0.604830 0.040099 0.056359
1 0.627899 0.606273 0.041186 0.062136
1 0.568289 0.614221 0.043353 0.060691
1 0.507595 0.623614 0.045518 0.059246
1 0.445818 0.643123 0.036850 0.060691
1 0.384582 0.651794 0.044437 0.060691
1 0.315218 0.660465 0.046602 0.063581
1 0.249106 0.672024 0.046605 0.066475
1 0.620312 0.285465 0.036850 0.059249
