1 0.552031 0.568702 0.036850 0.076591
5 0.366699 0.483441 0.058527 0.128614
4 0.359112 0.618557 0.052024 0.095374
4 0.296251 0.611331 0.045518 0.106935
3 0.541735 0.351938 0.033599 0.070807
5 0.397588 0.338932 0.042269 0.105489
1 0.308173 0.311477 0.039015 0.070810
1 0.400298 0.306419 0.028180 0.054914
1 0.542277 0.320870 0.028180 0.066475
1 0.583462 0.317979 0.036850 0.069365
1 0.636028 0.320147 0.042269 0.067920
1 0.495673 0.453094 0.041183 0.067920
1 0.262112 0.502950 0.048772 0.080926
1 0.600262 0.570870 0.044437 0.072255
1 0.662581 0.573037 0.043351 0.085261
2 0.440941 0.442978 0.044437 0.091042
0 0.449851 0.489782 0.612550 0.503571
