1 0.250190 0.273181 0.044437 0.083816
1 0.205211 0.528239 0.060694 0.082371
5 0.502718 0.431419 0.055273 0.157513
5 0.372660 0.313643 0.057443 0.147397
4 0.333101 0.690089 0.058524 0.117050
4 0.185160 0.612054 0.070449 0.111270
1 0.584546 0.612776 0.047688 0.095374
1 0.641989 0.614221 0.047688 0.089593
1 0.681006 0.280407 0.045518 0.078036
1 0.612726 0.286187 0.043353 0.083816
1 0.560160 0.278962 0.035766 0.086706
1 0.724900 0.623614 0.057443 0.099709
1 0.374286 0.271736 0.043353 0.078036
0 0.466555 0.519767 0.815203 0.691419
