1 0.342855 0.209597 0.041186 0.092487
1 0.579669 0.343269 0.042269 0.073700
1 0.633318 0.335321 0.041186 0.078036
1 0.613810 0.218990 0.036850 0.079481
1 0.330934 0.567257 0.049854 0.062140
1 0.326057 0.633008 0.048770 0.063581
1 0.318470 0.725493 0.046602 0.063585
1 0.514096 0.470435 0.041188 0.070810
1 0.650660 0.537632 0.045521 0.080926
1 0.662581 0.615666 0.043351 0.069362
1 0.671251 0.710319 0.054189 0.070810
2 0.252899 0.754395 0.071533 0.083816
2 0.757416 0.713209 0.074802 0.091042
2 0.273492 0.265956 0.054191 0.092487
2 0.667999 0.211042 0.047684 0.080926
3 0.743325 0.615666 0.048772 0.098264
3 0.392711 0.547748 0.058527 0.083816
4 0.274034 0.341822 0.057443 0.088148
4 0.531980 0.559309 0.055275 0.086706
5 0.334726 0.393123 0.055275 0.127166
5 0.699973 0.378672 0.076949 0.115605
6 0.256151 0.477660 0.073700 0.117054
6 0.709189 0.450933 0.062872 0.109841
1 0.395962 0.226215 0.036850 0.082371
0 0.507197 0.515823 0.663333 0.706316
